測定年度,測定局コード,市町村コード,測定項目コード,測定単位コード,測定月,測定日,01h,02h,03h,04h,05h,06h,07h,08h,09h,10h,11h,12h,13h,14h,15h,16h,17h,18h,19h,20h,21h,22h,23h,24h
2009,12201050,103,NETR,0.01MJ, 4, 1, -10,  -9,  -8,  -5,  -5,  -5,  -1,   6,  28,  15,  29,  26,  62,  64, 120,  74,   2,  -2,  -7,  -5,  -3,  -3,  -3,  -3
2009,12201050,103,NETR,0.01MJ, 4, 2,  -4,  -4,  -3,  -3,  -3,  -3,   0,   7,  39, 134, 211, 216, 224, 198, 155,  97,  28, -23, -35, -34, -34, -32, -32, -30
2009,12201050,103,NETR,0.01MJ, 4, 3, -28, -28, -26, -25, -25, -20,  18,  77, 136, 181, 212, 217, 212, 185, 144,  74,  16, -16, -24, -21, -20, -18, -18, -19
2009,12201050,103,NETR,0.01MJ, 4, 4, -19, -20, -20, -18, -17,  -9,  13,  65, 123, 123, 156, 163,  97, 113,  87,  75,   3,  -6,  -8,  -6,  -5,  -6,  -3,  -2
2009,12201050,103,NETR,0.01MJ, 4, 5,  -7, -16, -12, -20, -22, -15,  10,  34, 108, 108, 104,  95, 105,  98, 103,  64,  17, -11, -25, -25, -23, -21, -20, -22
2009,12201050,103,NETR,0.01MJ, 4, 6, -19, -18, -20, -22, -21, -17,  17,  76, 131, 175, 205, 217, 207, 183, 143,  90,  48,  -5, -27, -26, -24, -24, -24, -23
2009,12201050,103,NETR,0.01MJ, 4, 7, -22, -22, -21, -22, -22, -17,  17,  73, 127, 170, 202,9999, 160, 102,  36,  75,  31, -16, -27, -25, -25, -26, -25, -23
2009,12201050,103,NETR,0.01MJ, 4, 8, -24, -24, -23, -22, -22, -15,  19,  60,  75, 143, 164, 186, 208, 192, 150, 100,  28, -20, -19, -20, -16, -22, -24, -24
2009,12201050,103,NETR,0.01MJ, 4, 9, -24, -23, -23, -22, -23, -17,  24,  90, 147, 192, 219, 225, 218, 199, 140,  85,  29, -19, -31, -30, -28, -27, -26, -27
2009,12201050,103,NETR,0.01MJ, 4,10, -27, -27, -28, -27, -26, -20,  28,  94, 151, 195, 224, 233, 223, 205, 162, 107,  37, -18, -31, -31, -30, -29, -29, -28
2009,12201050,103,NETR,0.01MJ, 4,11, -28, -27, -26, -26, -24, -16,  26,  87, 142, 188, 217, 222, 211, 193, 155, 100,  33, -16, -29, -25, -15, -19, -24, -21
2009,12201050,103,NETR,0.01MJ, 4,12, -15, -11, -16, -14, -12,  -4,  11,  34,  33,  58,  83, 181, 127, 113, 108,  68,  20, -10, -19, -18, -17, -17, -19, -18
2009,12201050,103,NETR,0.01MJ, 4,13, -20, -20, -19, -19, -16, -13,  24,  83, 138, 184, 212, 223, 214, 184, 153,  62,  31, -15, -24, -24, -25, -22, -18, -20
2009,12201050,103,NETR,0.01MJ, 4,14, -21, -19, -15, -14, -13,  -8,   0,  15,  82, 115, 133,  50,  66,  27,  23,  11,   1,  -3,  -5,  -5,  -4,  -2,  -1,  -1
2009,12201050,103,NETR,0.01MJ, 4,15,  -1,   0,   0,  -1,  -2,   0,  43, 111, 166, 217, 244, 247, 241, 220, 175, 115,  39, -13, -25, -20, -21, -23, -14, -10
2009,12201050,103,NETR,0.01MJ, 4,16, -17, -20, -11, -12, -22,  -5,  16,  36,  83, 129, 214, 158, 196, 165, 120,  93,  30,  -8, -23, -15,  -8,  -5,  -6,  -5
2009,12201050,103,NETR,0.01MJ, 4,17,  -7,  -5,  -9,  -6,  -5,  -2,   6,  19,  14,  15,  30,  25,  18,  16,   5,   2,   0,  -1,  -3,  -3,  -3,  -3,  -2,  -2
2009,12201050,103,NETR,0.01MJ, 4,18,  -3,  -3,  -3,  -4, -19,  -3,  21,  58, 130, 104, 103, 141, 154, 145, 100,  65,  32,  -3, -22, -22, -22, -20, -13,  -6
2009,12201050,103,NETR,0.01MJ, 4,19, -17, -19, -17, -17, -18, -11,  21,  61, 127, 181, 221, 225, 217, 197, 154,  99,  36, -10, -27, -27, -25, -24, -23, -18
2009,12201050,103,NETR,0.01MJ, 4,20, -21, -22, -21, -19, -19,  -8,  29,  94, 124,  79,  73,  55,  69,  82,  62,  31,  17,  -7, -15, -15, -15, -13, -10,  -9
2009,12201050,103,NETR,0.01MJ, 4,21,  -9,  -7,  -7,  -7,  -7,  -4,   6,  36,  58,  59,  62,  53,  86,  25,  38,  14,   0,   0,  -2,  -1,  -1,  -1,  -1,   0
2009,12201050,103,NETR,0.01MJ, 4,22,   0,  -5,  -3,   0,   0,   2,  20,  72, 122, 117, 152, 213, 144, 194, 119,  47,  19,  -1, -10, -13, -16, -15, -17, -13
2009,12201050,103,NETR,0.01MJ, 4,23, -10, -22, -24, -25, -25, -10,  40, 107, 161, 209, 239, 243, 232, 215, 149, 115,  49, -11, -29, -27, -27, -26, -19, -24
2009,12201050,103,NETR,0.01MJ, 4,24, -24, -23, -24, -22, -19,  -2,  43,  65,  79,  70, 101,  61,  62,  36,  39,  31,   6,  -2,  -5,  -5,  -5,  -5,  -4,  -3
2009,12201050,103,NETR,0.01MJ, 4,25,  -2,  -2,  -2,  -2,  -2,   0,   4,   9,  15,  13,   9,  11,  15,  16,  18,  10,   4,   0,  -1,   0,   0,   0,   0,   0
2009,12201050,103,NETR,0.01MJ, 4,26,   0,  -1,  -1,  -1,  -2,   4,  34, 103, 160, 213, 241, 244, 241, 221, 180, 124,  56,  -7, -27, -29, -29, -30, -30, -30
2009,12201050,103,NETR,0.01MJ, 4,27, -30, -30, -30, -28, -28,  -9,  47, 114, 166, 218, 245, 249, 242, 223, 179,  69,   0,  -7, -16, -24, -30, -34, -34, -31
2009,12201050,103,NETR,0.01MJ, 4,28, -28, -26, -25, -26, -27,  -9,  43, 105, 155, 204, 232, 239, 235, 147, 126, 109,  47,  -9, -29, -25, -27, -26, -26, -24
2009,12201050,103,NETR,0.01MJ, 4,29, -24, -24, -24, -24, -23,  -7,  41, 102, 151, 200, 229, 235, 222, 204, 163, 104,  43, -11, -30, -30, -27, -25, -25, -24
2009,12201050,103,NETR,0.01MJ, 4,30, -23, -22, -22, -25, -24,  -7,  36,  93, 143, 189, 218, 226, 216, 201, 160, 104,  40, -10, -29, -30, -28, -29, -28, -28
2009,12201050,103,NETR,0.01MJ, 4,31,9998,9998,9998,9998,9998,9998,9998,9998,9998,9998,9998,9998,9998,9998,9998,9998,9998,9998,9998,9998,9998,9998,9998,9998
2009,12201050,103,NETR,0.01MJ, 5, 1, -27, -26, -25, -24, -23,  -7,  36,  97, 145, 191, 215, 226, 209, 196, 164, 106,  44, -13, -27, -27, -27, -27, -28, -27
2009,12201050,103,NETR,0.01MJ, 5, 2, -26, -25, -25, -24, -22,  -6,  37,  93, 144, 191, 221, 234, 220, 204, 165, 106,  48,  -5, -28, -30, -28, -28, -27, -26
2009,12201050,103,NETR,0.01MJ, 5, 3, -24, -24, -21, -20, -18,  -3,  28,  59, 135, 129, 184, 207, 157, 113,  86,  64,  34,  -4, -24, -27, -24, -23, -23, -22
2009,12201050,103,NETR,0.01MJ, 5, 4, -23, -20, -19, -21, -19,  -5,  35,  77, 115, 140, 172, 199, 197, 202, 132,  75,  29,  -3, -23, -21, -17, -15, -17, -13
2009,12201050,103,NETR,0.01MJ, 5, 5, -13, -12, -10,  -9,  -7,  -4,   6,  21,  33,  41,  53,  67,  48,  17,  20,  13,   6,   0,  -1,  -1,  -1,  -2,  -1,  -1
2009,12201050,103,NETR,0.01MJ, 5, 6,   0,  -1,   0,   0,  -1,   2,  17,  28,  38,  35,  68,  31,  26,  45,  55,  12,   2,   0,  -1,  -1,  -1,  -1,  -1,  -1
2009,12201050,103,NETR,0.01MJ, 5, 7,   0,   0,   0,   0,   0,   1,   7,  18,  32,  77,  77, 123, 105, 142, 127,  71,  17,   3,  -2,  -2,  -3,  -2,  -2,  -2
2009,12201050,103,NETR,0.01MJ, 5, 8,  -2,  -1,  -2,  -1,  -1,   1,  15,  22,  24,  28, 105,  69,  73,  63,  64,  70,  12,  -3,  -5,  -4,  -2,  -3,  -4, -12
2009,12201050,103,NETR,0.01MJ, 5, 9, -16,  -9,  -6, -18, -17,   3,  52,  93, 120, 154, 229, 236, 194, 200, 157, 103,  37,  -1, -22, -23, -22, -22, -22, -19
2009,12201050,103,NETR,0.01MJ, 5,10, -18, -21, -21, -20, -18,   4,  32, 107, 157, 205, 224, 240, 225, 196, 116,  90,  46,  -5, -18, -19, -16, -15, -15, -17
2009,12201050,103,NETR,0.01MJ, 5,11, -15,  -5, -10,  -3,  -2,   3,  19,  26,  36,  65,  94,  79, 119, 121,  90,  50,  41,  -4, -17,  -4,  -3,  -3,  -2,  -2
2009,12201050,103,NETR,0.01MJ, 5,12,  -2,  -2,  -2,  -2,  -2,   0,  25,  40,  58,  69, 137, 195, 213, 188, 130,  95,  15,   0, -16, -11,  -9,  -8,  -7,  -7
2009,12201050,103,NETR,0.01MJ, 5,13,  -8,  -8,  -7,  -6,  -6,   0,  11,  31,  75,  88, 108, 128,  37, 100,  38,  96,  42,   0,  -9,  -5,  -5,  -5,  -5,  -5
2009,12201050,103,NETR,0.01MJ, 5,14,  -8, -10, -10,  -9, -11,  -5,  19,  61, 159, 204, 232, 241, 223, 206, 169,  53,  50,  -4, -32, -34, -34, -33, -32, -30
2009,12201050,103,NETR,0.01MJ, 5,15, -31, -28, -27, -27, -25,   5,  60, 117, 165, 204, 232, 233, 224, 192, 152, 100,  46,   1, -20, -25, -23, -24, -22, -21
2009,12201050,103,NETR,0.01MJ, 5,16, -11, -16, -16, -13,  -7,   2,  17,  20,  46,  48,  36,  77,  40,  51,   6,  33,   5,   1,  -6,  -7,  -7,  -5,  -5,  -5
2009,12201050,103,NETR,0.01MJ, 5,17,  -5,  -5,  -5,  -5,  -4,   0,   8,   7,  17,  25,  68,  50,  31,  24,   9,   6,   2,   0,   0,  -1,  -1,  -3,  -3,  -3
2009,12201050,103,NETR,0.01MJ, 5,18,  -1,  -1,  -7, -15, -16,   0,  51,  66, 147, 202, 243, 252, 215, 200, 155,  88,  32,  11, -24, -26, -23, -18, -16, -21
2009,12201050,103,NETR,0.01MJ, 5,19, -20, -19, -23, -22, -18,   5,  47,  86,  83,  91, 126,9999, 106,  62,  71,  45,  11,  -7, -16, -23, -26, -26, -25, -24
2009,12201050,103,NETR,0.01MJ, 5,20, -24, -22, -22, -23, -21,   4,  53, 116, 167, 215, 245, 252, 230, 217, 178, 123,  54,   2, -23, -24, -23, -23, -24, -23
2009,12201050,103,NETR,0.01MJ, 5,21, -22, -22, -22, -21, -17,  11,  35, 101, 139, 194, 220, 233, 233, 180, 151,  59,  31,  -1, -12, -15, -15, -13, -14, -17
2009,12201050,103,NETR,0.01MJ, 5,22, -13, -12, -11, -10,  -9,  -4,   6,  27, 134, 200, 129,  74, 165, 184, 111, 101,  33,   7, -14, -15, -16, -18, -10,  -7
2009,12201050,103,NETR,0.01MJ, 5,23,  -5,  -7,  -5,  -5, -11,   1,  20,  49, 157, 189, 203, 183, 139, 148, 148, 105,  39,   8,  -8,  -6,  -6,  -5,  -5,  -5
2009,12201050,103,NETR,0.01MJ, 5,24,  -5,  -5,  -5,  -5,  -5,  -1,   1,  26,  35,  19,  25,  60,  45,  31,  50,  50,  65,   8, -15, -13, -12,  -8,  -8,  -5
2009,12201050,103,NETR,0.01MJ, 5,25,  -5,  -4,  -3,  -4,  -4,   1,   8,  16,   8,  26, 113, 255, 210, 156, 155, 123,  52,   0, -22, -24, -23, -23, -24, -24
2009,12201050,103,NETR,0.01MJ, 5,26, -23, -24, -24, -24, -22,   0,  53, 111, 164, 209, 228,  48, 216, 192, 161, 122,  61,   2, -22, -23, -21, -15, -14, -15
2009,12201050,103,NETR,0.01MJ, 5,27, -16, -13, -15, -14, -16,  10,  55,  88, 139, 193, 237, 246, 185, 193, 166,  94,  35,   3, -14, -16, -15, -15, -15, -13
2009,12201050,103,NETR,0.01MJ, 5,28, -12, -11,  -9,  -9,  -8,  -5,   2,  23,  33,  43,  18,  46,  24,  52,  22,   4,  19,   2,  -2,  -1,  -1,   0,   0,   0
2009,12201050,103,NETR,0.01MJ, 5,29,   0,   0,   0,   0,   0,   5,   8,  22,  29,  45,  60,  52,  49,  47,  35,  55,  23,   5,   0,  -2,  -2,  -2,  -2,  -1
2009,12201050,103,NETR,0.01MJ, 5,30,  -1,  -2,  -2,  -1,   0,   1,   8,  30,  28,  24,  30,  40,  45,  60,  38,  76,  28,   5,   0,  -2,  -1,  -2,  -2,  -1
2009,12201050,103,NETR,0.01MJ, 5,31,  -1,  -1,  -1,  -1,  -1,   5,  30, 100,  59, 129, 190, 161, 118, 139,  65,  36,  12,   1,  -4,  -7,  -3,  -2,  -2,  -2
2009,12201050,103,NETR,0.01MJ, 6, 1,  -2,  -2,  -2,  -3,  -2,   5,  38,  40,  61, 127, 166, 154, 104, 133,  38,  23,  34,   5, -14, -24, -23, -22, -21, -19
2009,12201050,103,NETR,0.01MJ, 6, 2, -20, -21, -22, -23, -20,  10,  62, 121, 161, 213, 249, 240, 229, 221, 171, 104,  62,   1, -19, -21, -20, -20, -22, -18
2009,12201050,103,NETR,0.01MJ, 6, 3, -18, -14, -13, -13, -12,   0,  22,  38,  45,  55,  80, 184, 117,  88,  90,  42,  14,   1,  -8, -11, -10, -10, -10,  -9
2009,12201050,103,NETR,0.01MJ, 6, 4,  -8,  -6,  -6,  -7,  -7,  -1,  24,  45,  75, 133, 124,  90,  60,  17,  37,  38,  30,  13,  -6, -13, -12, -11,  -9, -13
2009,12201050,103,NETR,0.01MJ, 6, 5, -12, -11, -11,  -9,  -8,  -1,   8,  29,  45,  55,  52,  38,  42,  35,  19,  12,   5,   0,  -3,  -3,  -4,  -5,  -4,  -3
2009,12201050,103,NETR,0.01MJ, 6, 6,  -1,   0,  -1,   0,   0,   2,   5,  10,  13,  23,  23,  44,  41,  92,  65,  56,  37,  12,  -2,  -5, -11, -14, -15, -15
2009,12201050,103,NETR,0.01MJ, 6, 7, -15, -16, -16, -16,  -6,  18,  63, 131, 182, 227, 254, 263, 194, 163, 185,  40,  19,   3, -14, -12,  -4,  -4,  -3,  -3
2009,12201050,103,NETR,0.01MJ, 6, 8,  -3,  -3,  -3,  -3,  -2,   2,  10,  13,  16,  23,  36,  56,  48,  56,  51,  41,  19,   6,  -2,  -2,  -2,  -3,  -3,  -2
2009,12201050,103,NETR,0.01MJ, 6, 9,  -2,  -2,  -2,  -2,  -1,   6,  28,  75,  84, 133, 120,  86,  92,  73,  63,  52,  30,   8,  -7,  -4,  -5,  -7,  -8,  -6
2009,12201050,103,NETR,0.01MJ, 6,10,  -9,  -8,  -9, -10,  -6,  -1,  16,  66,  79, 128, 206, 139, 150, 108, 103,  98,  45,   6,  -9, -14, -10, -10, -10, -11
2009,12201050,103,NETR,0.01MJ, 6,11,  -5,  -6,  -3,  -3,  -2,   2,  16,  16,  24,  34,  34,  41, 109,  76,  87,  94,  68,  16, -12, -20, -20, -20, -20, -19
2009,12201050,103,NETR,0.01MJ, 6,12, -15, -18, -16, -17, -18,   4,  59, 111, 102, 150, 195, 133, 173, 132, 103,  55,  87,  19, -17, -20, -23, -24, -23, -19
2009,12201050,103,NETR,0.01MJ, 6,13, -23, -21, -14, -13, -12,   3,  27,  65,  95, 115, 145, 177, 183, 193, 159, 107,  47,   7, -13, -15, -15, -15, -13, -11
2009,12201050,103,NETR,0.01MJ, 6,14, -12, -11,  -8,  -6,  -3,   2,   8,  18,  35,  82,  96,  89,  55, 102,  42,  12,   2,   2,  -3,  -3,  -2,  -1,  -1,   0
2009,12201050,103,NETR,0.01MJ, 6,15,  -1,   0,  -2,  -9,  -3,   6,  27,  33,  53, 122, 134, 179, 135,  95, 129,  95,  42,   5,  -5,  -5,  -2,  -2,  -1,  -1
2009,12201050,103,NETR,0.01MJ, 6,16,  -1,   0,   0,  -1,   0,   5,  15,  36,  67,  65, 112,9999,  90,  70,  99,  29,   0,  -2,  -5,  -5,  -3,  -2,  -1,  -5
2009,12201050,103,NETR,0.01MJ, 6,17,  -7,  -2,  -4,  -7,  -1,  17,  25, 104, 129, 127,  98, 165, 176, 195, 145,  57,  31,   7,  -6,  -9,  -5,  -7,  -8, -13
2009,12201050,103,NETR,0.01MJ, 6,18,  -9,  -6,  -6,  -4,  -3,   2,  14,  23,  45,  57,  30, 119,  75,  49,  91,  25,  34,  14,  -7, -20, -18, -15, -12,  -8
2009,12201050,103,NETR,0.01MJ, 6,19, -15, -15, -16, -13,  -3,   8,  38,  50,  47,  36, 100, 194, 213, 180, 129,  93,  40,  11,  -4,  -6,  -7,  -4,  -3,  -3
2009,12201050,103,NETR,0.01MJ, 6,20,  -3,  -3,  -3,  -5,  -2,   2,  38,  58, 100, 157, 132, 184, 131, 173, 192,  69,  32,   6,  -6, -12, -12, -11, -10,  -8
2009,12201050,103,NETR,0.01MJ, 6,21,  -8,  -8,  -5,  -3,  -1,   1,   5,  14,  18,  32,  20,  30,  37,  26,  26,  62,  12,  11,   1,  -1,  -1,  -1,   0,  -1
2009,12201050,103,NETR,0.01MJ, 6,22,  -1,   0,   0,   0,   0,   2,   9,  23,  26,  42,  33,  31,  13,   8,   9,  12,  19,   8,   0,   0,   0,  -1,  -4,  -4
2009,12201050,103,NETR,0.01MJ, 6,23, -10,  -7,  -3,  -1,  -1,   1,  36,  66,  62, 133,  87, 170, 133, 185, 183, 157,  69,  27,  -9, -12, -10, -10,  -9, -11
2009,12201050,103,NETR,0.01MJ, 6,24,  -9, -10,  -7,  -7,  -5,  -2,   0,   1,   5,  16,  30,  58,  77, 112,  29,  34,  62,  22,  -5, -13, -10,  -5,  -4,  -2
2009,12201050,103,NETR,0.01MJ, 6,25,  -5, -10,  -9,  -9,  -5,   7,  29,  52, 110, 100,  96,  96,  80,  72, 122,  37,  50,  25,  -6, -18, -15, -16, -14, -15
2009,12201050,103,NETR,0.01MJ, 6,26, -14, -15, -15, -14, -13,   5,  25,  71, 145, 192, 128, 147, 177, 146, 160, 109,  43,  14, -16, -19, -20, -18, -17, -20
2009,12201050,103,NETR,0.01MJ, 6,27, -22, -22, -21, -20, -17,   5,  52, 110, 160, 208, 233, 247, 227, 210, 143,  85,  33,   8, -13, -18, -17, -17, -19, -20
2009,12201050,103,NETR,0.01MJ, 6,28, -16, -18, -19, -16, -13,  -2,  15,  35,  38,  49,  49,  45,  17,   7,   2,   0,  -1,  -2,  -4,  -4,  -4,  -2,  -1,  -1
2009,12201050,103,NETR,0.01MJ, 6,29,  -1,  -1,  -9, -15, -10,   4,  63, 128, 176, 221, 232, 177, 142, 123, 113,  83,  39,   5,  -5,  -9,  -9,  -7,  -7,  -5
2009,12201050,103,NETR,0.01MJ, 6,30,  -4,  -2,  -2,  -1,   0,   1,   7,  15,  18,  15,  28,  56,  57,  63,  69,  28,  33,  12,   0,  -3,  -3,  -2,  -2,  -2
2009,12201050,103,NETR,0.01MJ, 6,31,9998,9998,9998,9998,9998,9998,9998,9998,9998,9998,9998,9998,9998,9998,9998,9998,9998,9998,9998,9998,9998,9998,9998,9998
2009,12201050,103,NETR,0.01MJ, 7, 1,  -2,   0,   0,   0,   0,   4,  16,  33,  32,  53,  60,  72,  95, 101,  87,  24,   7,   4,   0,  -2,  -2,  -6,  -4,  -3
2009,12201050,103,NETR,0.01MJ, 7, 2,  -4,  -1,  -2,  -2,  -1,   0,  14,  17,  24,  30,  38,  54,  30,  22,  15,  10,  15,   6,   0,  -1,  -2,  -2,  -2,  -2
2009,12201050,103,NETR,0.01MJ, 7, 3,  -2,  -2,  -2,  -2,  -1,   5,  41,  52,  56,  49,  83,  85,  79,  93,  75,  55,  21,   2,  -3,  -8,  -7,  -5,  -5,  -5
2009,12201050,103,NETR,0.01MJ, 7, 4,  -5,  -5,  -4,  -3,  -3,   5,  13,  33,  44,  64, 159, 119, 166,  76,  55,  56,  26,  18,  -2,  -7, -14, -13,  -5,  -9
2009,12201050,103,NETR,0.01MJ, 7, 5,  -6,  -6,  -5,  -3,  -8,   8,  35,  43,  75, 109,  93, 102,  97,  55,  65,  51,  62,  14,  -5, -17, -18, -18, -17, -11
2009,12201050,103,NETR,0.01MJ, 7, 6,  -9,  -7,  -9,  -6,  -5,   2,  16,  39,  33,  46,  49,  39,  45,  52,  38,  34,  32,  24,  -2, -11,  -8,  -5, -13,  -7
2009,12201050,103,NETR,0.01MJ, 7, 7,  -4,  -7,  -9, -14, -12,   5,  14,  94,  79, 112, 207, 181, 225, 243, 163, 127,  76,  15, -11, -15, -15, -13, -14, -13
2009,12201050,103,NETR,0.01MJ, 7, 8, -15, -11,  -8,  -9, -11,  25,  23,  17,  43,  78, 125,  96,  45,  55,  92,  57,  32,  17,  -4,  -8,  -9,  -7,  -6, -10
2009,12201050,103,NETR,0.01MJ, 7, 9,  -7,  -6,  -6,  -6,  -5,   2,  17,  87, 107, 161, 196,  74, 122, 196, 132, 134,  85,  16,  -4,  -6,  -8,  -9, -13, -14
2009,12201050,103,NETR,0.01MJ, 7,10, -13, -12, -11, -11,  -9,  -2,  15,  42,  33,  36,  42,  36,  32,  70,  61,  94,  56,   9,  -4, -11, -10, -11, -12,  -4
2009,12201050,103,NETR,0.01MJ, 7,11,  -6,  -5,  -5,  -4,  -7,   0,  24,  80, 147, 153, 126, 170, 124,  66,  55,  23,  26,   3,  -7, -11,  -8, -15, -11, -11
2009,12201050,103,NETR,0.01MJ, 7,12, -13, -13, -15, -15,  -5,   3,  20,  54, 112, 157, 109, 132, 208,  85, 122, 134,  54,   9,  -5, -11, -15, -15,  -8,  -4
2009,12201050,103,NETR,0.01MJ, 7,13,  -6,  -5, -11, -16, -15,   9,  67, 135, 148, 127, 215, 217, 260, 225, 154,  64,  39,  28,  -9, -14, -15, -15, -15, -14
2009,12201050,103,NETR,0.01MJ, 7,14, -15, -17, -15, -13, -10,  -1,  28,  71, 108, 203, 236, 248, 231,9999, 184, 110,  90,  14, -11, -15, -10,  -6,  -5,  -6
2009,12201050,103,NETR,0.01MJ, 7,15,  -8,  -8,  -5,  -9, -10,   3,  55, 123, 168, 217, 242, 248, 233, 206, 173, 134,  89,  37, -11, -19, -19, -18, -17, -17
2009,12201050,103,NETR,0.01MJ, 7,16, -16, -16, -16, -16, -12,   3,  43, 122, 136, 202, 226, 226, 170, 165, 172, 135,  78,  14, -13, -16, -13, -10, -12, -12
2009,12201050,103,NETR,0.01MJ, 7,17,  -8, -12,  -9,  -8,  -7,  -3,   3,  37,  39,  72,  81,  93,  49, 108,  88, 106,  63,   8,  -6, -10, -12,  -8,  -9,  -9
2009,12201050,103,NETR,0.01MJ, 7,18,  -8,  -7,  -7,  -7,  -7,   3,  23,  41,  49,  48,  92, 128, 116,  41,  65,  44,  17,   5,  -5,  -9,  -7,  -7,  -8,  -8
2009,12201050,103,NETR,0.01MJ, 7,19, -11, -14, -17, -16, -11,   0,  17,  43,  69,  89, 132, 132, 166, 222, 139, 122,  22,   5,  -6, -10, -14, -16, -15, -15
2009,12201050,103,NETR,0.01MJ, 7,20, -15, -16, -16, -16, -14,   1,  48,  73,  57,  56, 159, 200, 187,  80, 108, 139,  63,  10, -10, -19, -19, -16, -12,  -5
2009,12201050,103,NETR,0.01MJ, 7,21,  -4,  -4,  -9,  -9,  -5,   0,   6,  14,  15,  11,  24,  21,  19,  17,  15,  15,   3,  -1,  -3,  -3,  -2,  -1,   0,   0
2009,12201050,103,NETR,0.01MJ, 7,22,   0,  -1,  -1,  -2,  -1,   0,   4,   8,   8,  24,  16,  30,  25,  36,  58,  35,   6,   5,  -5,  -6,  -2,  -2,  -3,  -6
2009,12201050,103,NETR,0.01MJ, 7,23,  -4,  -5,  -3,  -2,  -2,   0,   8,  34,  70, 116, 182, 167, 105, 121, 149,  45,  33,  14,  -3,  -4,  -4,  -9,  -7,  -3
2009,12201050,103,NETR,0.01MJ, 7,24,  -4,  -6,  -6,  -5,  -5,   2,  37,  73,  35,  57, 112,  22, 101,  95,  52,  36,  58,   7,  -4,  -6,  -4,  -5,  -6, -10
2009,12201050,103,NETR,0.01MJ, 7,25,  -7,  -3,  -2,  -2,  -3,   9,  57, 122, 129, 200, 204, 261, 173, 216, 192, 139,  89,  23, -14, -16, -15, -15, -15, -12
2009,12201050,103,NETR,0.01MJ, 7,26,  -8,  -8,  -8,  -9, -10,  11,  61, 116, 170, 214, 240, 252, 237, 229, 195, 149,  91,  28, -15, -18, -16, -16, -15, -15
2009,12201050,103,NETR,0.01MJ, 7,27, -15, -14, -11,  -8, -13,   5,  58, 119, 168, 193, 134, 115,  48,  37,  84,  10,   2,   0,  -5,  -5,  -5,  -5,  -5,  -5
2009,12201050,103,NETR,0.01MJ, 7,28,  -6,  -5,  -2,  -2,  -2,   1,  20,  41, 101,  81,  37,  82,  34,  58,  47,  64,  51,  12,  -4,  -9,  -8,  -8,  -8,  -7
2009,12201050,103,NETR,0.01MJ, 7,29,  -8,  -6,  -6,  -7,  -6,   7,  52,  75,  55, 111, 115,  98,  57, 100,  78, 119,  53,  33, -11, -13, -14, -13, -13,  -9
2009,12201050,103,NETR,0.01MJ, 7,30,  -9,  -9,  -9, -12, -13,   5,  49, 102, 163, 212, 241, 197, 235, 229, 190, 142,  82,  16,  -4,  -5,  -5,  -4,  -4,  -4
2009,12201050,103,NETR,0.01MJ, 7,31,  -4,  -4,  -4,  -4,  -4,  -2,   3,   9,  14,  22,  44,  85,  82, 107, 109,  93,  72,  19,  -3, -10, -15, -14, -12, -15
2009,12201050,103,NETR,0.01MJ, 8, 1,  -9,  -6,  -9,  -5,  -8,   8,  18,  33,  40, 119, 183, 199, 169, 131, 102,  70,  49,  18, -10, -13, -14, -13, -14,  -7
2009,12201050,103,NETR,0.01MJ, 8, 2,  -5,  -5,  -4,  -5,  -4,   3,  25,  77, 144,  74,  66,  25,  34, 152, 142,  50,  33,  11,  -6,  -5,  -6,  -3,  -3,  -3
2009,12201050,103,NETR,0.01MJ, 8, 3,  -3,  -2,  -2,  -2,  -1,   2,   9,  36,  60, 118, 111, 130, 169, 121, 127, 134,  65,  14, -14, -16,  -6,  -4,  -3,  -3
2009,12201050,103,NETR,0.01MJ, 8, 4,  -3,  -3,  -3,  -3,  -2,   1,  10,  22,  31,  49,  72,  91,  95, 103,  81,  81,  44,   9,  -5,  -6,  -4,  -3,  -5, -12
2009,12201050,103,NETR,0.01MJ, 8, 5, -10,  -5,  -9, -12,  -8,   4,  26,  78,  83,  57,  41,  50, 139, 127, 111,  72,  26,   8, -10, -14,  -9,  -5, -12,  -8
2009,12201050,103,NETR,0.01MJ, 8, 6,  -5,  -3,  -3,  -8,  -4,   1,   6,  26,  52,  45,  59,  66,  20,  80,  73,  67,  33,  11,  -7,  -7,  -6,  -7,  -5, -11
2009,12201050,103,NETR,0.01MJ, 8, 7,  -9, -11,  -8,  -8,  -5,   2,  36,  90, 152, 222, 242, 191, 201, 201, 155, 103,  43,  -5,  -6,  -3,  -5,  -6,  -8,  -2
2009,12201050,103,NETR,0.01MJ, 8, 8,  -6,  -6,  -5,  -8, -12,  -1,  28,  50,  69, 112, 100, 128, 153, 176, 130, 101,  72,   9,  -9, -10,  -9, -11, -11,  -5
2009,12201050,103,NETR,0.01MJ, 8, 9,  -3,  -3,  -2,  -2,  -2,   1,  28,  76,  58,  64, 133, 167, 135,  38,   1,  12,   1,   1,  -5,  -6,  -8,  -7,  -6,  -6
2009,12201050,103,NETR,0.01MJ, 8,10,  -3,  -1,  -3,  -4,  -3,  -1,   0,   0,   9,   7,  29,  69,9999,  44,  69,  45,  22,  14,  -3,  -8,  -8,  -3,  -7,  -5
2009,12201050,103,NETR,0.01MJ, 8,11,  -6,  -6,  -9,  -5,  -5,   2,  14,  10,  28,  40,  69, 195, 188, 125, 132, 122,  61,  14,  -9, -12,  -9,  -9, -12, -16
2009,12201050,103,NETR,0.01MJ, 8,12, -16, -15, -14, -16, -16,  -2,  45,  64,  71, 111, 142, 145, 216, 216, 193,  56,  52,   8, -10, -10,  -4,  -5,  -5,  -3
2009,12201050,103,NETR,0.01MJ, 8,13,  -3,  -3,  -2,  -2,  -3,   1,  22,  33,  29, 138, 218, 244, 234, 222, 181, 131,  71,  14, -11, -12, -11, -10, -11,  -6
2009,12201050,103,NETR,0.01MJ, 8,14, -10,  -9,  -9, -11,  -5,   2,  19,  75, 108,  42,  68,  76,  77,  34,  75,  91,  52,   1, -15, -18, -17, -16, -16, -16
2009,12201050,103,NETR,0.01MJ, 8,15, -16, -16, -16, -15, -16,  -5,  37, 100, 152, 202, 232, 246, 223, 223, 189, 134,  70,   5, -24, -26, -26, -22, -21, -20
2009,12201050,103,NETR,0.01MJ, 8,16, -14, -13, -14, -13, -12,  -2,  24,  95, 155, 141, 186, 223, 194, 187, 178, 130,  62,   2, -24, -26, -25, -24, -10,  -3
2009,12201050,103,NETR,0.01MJ, 8,17,  -3,  -9,  -5,  -7,  -5,  -4,  22,  77, 107, 141, 177, 176, 184, 170, 112,  76,  39,   6, -21, -21, -20, -20, -19, -19
2009,12201050,103,NETR,0.01MJ, 8,18, -14, -12, -14,  -8, -10,  -8,  35,  87, 146, 114, 111, 174, 148, 143, 130,  85,  23,  -4, -16, -18, -16, -17, -15, -11
2009,12201050,103,NETR,0.01MJ, 8,19, -14, -12, -16, -17, -17,  -4,  33,  43,  49, 104, 204, 153, 147,  86,  66,  66,  29,  -6, -19, -18, -18, -19, -17, -15
2009,12201050,103,NETR,0.01MJ, 8,20, -14, -14, -14, -12, -15,  -5,  38,  50, 125, 148, 196, 203, 201, 186, 152,  88,  55,   1, -21, -21, -20, -18, -17, -18
2009,12201050,103,NETR,0.01MJ, 8,21, -16, -16, -15,  -8, -12,  -6,  16,  36,  79,  94,  83, 119, 170, 193, 111,  59,  21,  -2, -10, -10, -11,  -9, -10, -12
2009,12201050,103,NETR,0.01MJ, 8,22, -10, -12, -12,  -9,  -9,  -2,  15,  39,  75, 115,  53,  64, 115,  90, 136,  85,  52,  -4,  -7, -12, -14, -12,  -6,  -5
2009,12201050,103,NETR,0.01MJ, 8,23,  -6,  -7,  -5,  -8, -11,  -6,  31,  89, 131, 128, 165, 163, 104, 133,  47,  24,   6,   1, -15, -21, -19, -20, -19, -19
2009,12201050,103,NETR,0.01MJ, 8,24, -17, -11, -10,  -9,  -9,  -7,  -2,  21,  73, 156, 213, 161, 107,  14,  11,  39,   7,   3, -20, -16, -15, -12,  -9, -11
2009,12201050,103,NETR,0.01MJ, 8,25, -10,  -8,  -8,  -8, -12,  -4,  12,  40, 115, 171, 176,9999, 210, 161,  87,  99,  32,  -8, -22, -14, -21, -13, -10,  -8
2009,12201050,103,NETR,0.01MJ, 8,26, -11, -12,  -8,  -9, -11,  -5,  20,  62, 115, 162, 170, 174, 118, 179, 136, 109,  43, -11, -26, -25, -24, -24, -24, -24
2009,12201050,103,NETR,0.01MJ, 8,27, -24, -23, -23, -21, -20,  -5,  26,  63, 110, 138,  57, 152, 184, 102,  54,  79,  39,  -5, -20, -20, -18, -15,  -7,  -7
2009,12201050,103,NETR,0.01MJ, 8,28,  -5,  -5, -15, -15, -15,  -5,  33,  90, 142, 179, 211, 212, 213, 196, 160, 106,  44,  -6, -19, -19, -19, -18, -18, -17
2009,12201050,103,NETR,0.01MJ, 8,29, -17, -15, -16, -17, -17,  -7,  31,  95, 144, 186, 212, 218, 210, 189, 149, 105,  41,  -6, -15, -13, -18, -17, -18, -17
2009,12201050,103,NETR,0.01MJ, 8,30, -16,  -9,  -6, -14, -15,  -4,  18,  39,  29,  36,  58,  47,  50,  38,  39,  35,  15,   1,  -2,  -2,  -2,  -2,  -2,  -2
2009,12201050,103,NETR,0.01MJ, 8,31,  -2,  -2,  -2,  -2,  -2,  -1,   0,   1,  24,  24,  24,  24,  28,  25,  14,   6,   2,   0,   0,   0,   0,   0,  -4,  -1
2009,12201050,103,NETR,0.01MJ, 9, 1,   0,  -1,   0,   0,   0,   1,  15,  79, 110, 187, 231, 191, 151, 188,  62,  58,  39,  -3, -16,  -6,  -4,  -4,  -4,  -4
2009,12201050,103,NETR,0.01MJ, 9, 2,  -4, -11, -13,  -4,  -4,  -2,   6,  12,  33,  50,  43,  42,  39,  32,  24,  13,   5,  -2,  -4,  -5,  -5,  -5,  -6,  -6
2009,12201050,103,NETR,0.01MJ, 9, 3,  -5,  -7,  -5, -10,  -8,  -5,  21,  45, 154, 109, 122, 183,  81,  66,  82,  44,   6,  -6, -10, -11, -12, -12, -13, -11
2009,12201050,103,NETR,0.01MJ, 9, 4, -12, -15, -13, -17, -12,  -7,  18,  54,  77, 140, 157, 185, 105,  69,  63,  50,  22,  -5, -12, -11,  -8,  -8,  -9,  -6
2009,12201050,103,NETR,0.01MJ, 9, 5, -12, -16, -18, -13, -11,  -3,  22,  85, 127, 190, 195, 177, 152, 188, 156,  92,  31, -15, -23, -23, -22, -21, -20, -13
2009,12201050,103,NETR,0.01MJ, 9, 6, -10, -12, -15, -20, -20, -12,  28,  84,  89, 136, 213, 181, 201, 187, 131,  97,  28, -17, -26, -24, -24,  -5,  -4,  -4
2009,12201050,103,NETR,0.01MJ, 9, 7,  -4,  -4,  -5,  -4,  -5,  -3,   7,  45,  81,  68,  82,  81, 151, 179, 130,  99,  27, -14, -21, -21, -16, -12, -10,  -3
2009,12201050,103,NETR,0.01MJ, 9, 8,  -3,  -3,  -4,  -3,  -4,  -2,   8,  53,  38,  85, 152,  75,  92, 119,  85,  39,  20, -11, -14,  -8, -13,  -7,  -5,  -5
2009,12201050,103,NETR,0.01MJ, 9, 9,  -5,  -6,  -6,  -8,  -8,  -5,  11,  33,  73,  46,  35,  13,  22,  48,  20,   3,   1,  -4,  -5,  -5,  -5,  -4,  -5,  -6
2009,12201050,103,NETR,0.01MJ, 9,10, -12, -10,  -9, -23, -23, -19,  11,  83, 148, 188, 211, 190, 152, 108,  72,  46,  18, -17, -22, -21, -21, -20, -24, -25
2009,12201050,103,NETR,0.01MJ, 9,11, -22, -11, -19, -18, -15, -12,  17,  43,  72, 111, 119, 101, 117, 108,  79,  80,  10, -19, -23, -21, -18, -14, -15, -14
2009,12201050,103,NETR,0.01MJ, 9,12, -15, -12, -10,  -8,  -8,  -6,   2,  12,   8,   8,  17,  14,  16,  13,  27,  13,   7,  -6,  -6,  -3,  -2,  -2,  -5,  -4
2009,12201050,103,NETR,0.01MJ, 9,13,  -4,  -3,  -3,  -6,  -5, -11,  10,  33,  83,  98, 136, 124, 166, 156, 155,  90,  22, -17, -21, -20, -20, -21, -22, -23
2009,12201050,103,NETR,0.01MJ, 9,14, -21, -18, -19, -18, -19, -11,  12,  69,  99, 175, 207, 181, 170, 168, 116,  47,   7, -18, -25, -23, -21, -22, -15, -11
2009,12201050,103,NETR,0.01MJ, 9,15, -12, -11,  -9, -10,  -8,  -5,   0,   4,  11,  21,  31,  67,  24,  20,  35,  28,   2,  -6,  -8,  -8,  -8,  -8,  -7,  -7
2009,12201050,103,NETR,0.01MJ, 9,16,  -5,  -4,  -4,  -2,  -2,  -3,  11,  84, 106, 175, 212, 195, 190, 176, 137,  81,  17, -20, -25, -24, -21, -17, -18, -17
2009,12201050,103,NETR,0.01MJ, 9,17, -14, -14, -18, -21, -22, -20,  17,  81, 135, 177, 202, 198, 151, 145,  96,  69,   8, -25, -28, -27, -28, -26, -22, -19
2009,12201050,103,NETR,0.01MJ, 9,18, -20, -24, -24, -26, -23, -15,  14,  75,  69,  45,  76,  63,  35,  18,  12,   6,   1,  -4,  -5,  -5,  -4,  -4,  -5,  -5
2009,12201050,103,NETR,0.01MJ, 9,19,  -5,  -5,  -5,  -5,  -5,  -5,   2,  21,  52,  91,  67,  83,  98,  67,  43,  16,  -2, -13, -15, -16, -15, -15, -15, -15
2009,12201050,103,NETR,0.01MJ, 9,20, -16, -14, -14, -16, -16, -17, -11,  62, 137, 180, 204, 203, 199, 171, 131,  72,   7, -25, -26, -26, -24, -23, -22, -16
2009,12201050,103,NETR,0.01MJ, 9,21, -18,  -6,  -8,  -8,  -5,  -5,   9,  49,  33,  50, 111,  95,  73,  66,  66,  44,   7,  -5,  -6,  -7, -14, -12,  -8,  -9
2009,12201050,103,NETR,0.01MJ, 9,22,  -7,  -6,  -7,  -8,  -6,  -5,   7,  38,  52, 169, 197, 148, 175,  66,  61,  30,   5, -10, -15, -14, -14, -12,  -9, -10
2009,12201050,103,NETR,0.01MJ, 9,23,  -8, -10, -11, -11, -11,  -9,   1,  25, 150, 157, 166, 143, 124,  86,  73,  44,   9, -13, -15, -15, -17, -15, -15, -18
2009,12201050,103,NETR,0.01MJ, 9,24, -21, -19, -16, -19, -21, -17,  23,  74, 117, 175, 200, 186, 167, 175, 127,9999,  17, -16, -24, -24, -25, -24, -24, -24
2009,12201050,103,NETR,0.01MJ, 9,25, -24, -24, -24, -24, -24, -21,  20,  81, 139, 181, 213, 192, 203, 149, 128,  88,  18,  -9, -17,  -7, -12,  -6,  -4,  -4
2009,12201050,103,NETR,0.01MJ, 9,26,  -5,  -7, -19, -21, -19, -14,  22,  75, 117, 154, 142, 164, 104, 126, 129,  67,   4, -24, -25, -25, -24, -23, -21, -21
2009,12201050,103,NETR,0.01MJ, 9,27, -20, -20, -17,  -8, -13,  -7,   2,  15,  69, 137, 120, 136, 106,  98,  79,  18,   0, -10, -15, -20, -21, -19, -18, -17
2009,12201050,103,NETR,0.01MJ, 9,28, -17, -16, -18, -12, -14, -12,  11,  69, 118, 152, 159, 147, 157,  87,  91,  27,  15, -14, -14, -13, -10, -10,  -9,  -8
2009,12201050,103,NETR,0.01MJ, 9,29,  -6,  -6,  -5,  -3,  -2,  -1,   3,   6,  14,  22,  44,  50,  52,  40,  44,  20,   1,  -3,  -4,  -5,  -4,  -4,  -4,  -5
2009,12201050,103,NETR,0.01MJ, 9,30,  -8,  -5,  -5,  -5,  -6,  -6,  -1,  12,  21,  33,  25,  31,  35,  32,  26,  10,  -1,  -7,  -7,  -7,  -7,  -7,  -6,  -5
2009,12201050,103,NETR,0.01MJ, 9,31,9998,9998,9998,9998,9998,9998,9998,9998,9998,9998,9998,9998,9998,9998,9998,9998,9998,9998,9998,9998,9998,9998,9998,9998
2009,12201050,103,NETR,0.01MJ,10, 1,  -5,  -5,  -5, -10, -11,  -5,   2,  12,  32,  67, 112, 157, 195, 173, 136,  51,  -1, -14,  -7,  -8,  -5,  -5,  -9, -13
2009,12201050,103,NETR,0.01MJ,10, 2,  -4,  -4,  -4,  -4,  -4,  -3,   5,  22,  25,  28,  17,  27,  22,  26,  11,  11,   1,  -2,  -2,  -3,  -4,  -4,  -7,  -6
2009,12201050,103,NETR,0.01MJ,10, 3,  -5,  -8, -10,  -9,  -8,  -9,   4,  80,  88,  78,  31,  50,  25,  10,  46,  19,   3, -11, -12, -11, -15, -15, -14, -20
2009,12201050,103,NETR,0.01MJ,10, 4, -12, -19, -19, -18, -14, -15,   5,  58, 118, 162, 179, 177, 177, 176, 127,  56,  -2, -22, -20, -22, -21, -20, -19, -19
2009,12201050,103,NETR,0.01MJ,10, 5, -18, -17, -13,  -2,  -5,  -6,  -2,   4,  14,  20,  26,  31,  40,  27,  28,   3,  -3,  -6,  -5,  -5,  -5,  -5,  -5,  -3
2009,12201050,103,NETR,0.01MJ,10, 6,  -2,  -2,  -2,  -2,  -1,  -2,   0,   5,   7,  14,  11,  22,  26,  40,  25,   5,  -1,  -3,  -4,  -4,  -4,  -2,  -2,  -2
2009,12201050,103,NETR,0.01MJ,10, 7,  -2,  -3,  -3,  -3,  -4,  -3,   0,   1,   5,   5,   8,  18,  10,   8,  11,   4,   0,   1,   0,   1,  -1,  -1,  -1,  -1
2009,12201050,103,NETR,0.01MJ,10, 8,   0,   0,   0,   0,   0,   1,   8,  45,  66, 138, 133, 188, 127, 176, 133,  57,  -6, -28, -29, -29, -28, -25, -18, -18
2009,12201050,103,NETR,0.01MJ,10, 9, -19, -21, -20, -18, -15, -18,   6,  38, 101, 132, 117,  80, 108,  97,  36,  13, -10, -15, -16, -19, -14, -13, -12, -15
2009,12201050,103,NETR,0.01MJ,10,10, -15, -14, -15, -13,  -9,  -8,  -1,  15,  68,  81,  44,  34,  33, 120, 112,  39, -12, -22, -22, -23, -23, -22, -22, -22
2009,12201050,103,NETR,0.01MJ,10,11, -22, -21, -22, -23, -24, -24,   3,  63, 124, 162, 187, 192, 186, 162, 126,  46, -14, -27, -26, -24, -24, -16, -16, -22
2009,12201050,103,NETR,0.01MJ,10,12, -14, -14, -15, -15,  -9,  -7,   0,  35, 114, 128, 165, 159, 135, 129,  99,  29, -12, -24, -24, -23, -17, -12,  -8,  -9
2009,12201050,103,NETR,0.01MJ,10,13,  -6,  -5,  -4,  -4,  -3,  -3,   2,  38,  88, 149, 146, 188, 179, 157, 104,  32, -14, -24, -24, -24, -24, -24, -23, -13
2009,12201050,103,NETR,0.01MJ,10,14, -20, -13, -23, -20, -17, -22,  -4,  17,  35,  48,  46,  46,  35,  16,  35,  28, -12, -22, -17,  -9,  -6,  -3,  -4,  -3
2009,12201050,103,NETR,0.01MJ,10,15,  -5,  -9,  -9, -17, -20, -21,  -4,  39,  98, 140, 167, 174, 170, 152,  85,  26, -16, -27, -28, -28, -26, -25, -25, -24
2009,12201050,103,NETR,0.01MJ,10,16, -24, -24, -24, -24, -24, -23,  -2,  51, 109, 143, 165, 173, 163, 102,  70,  10, -17, -27, -25, -24, -23, -20, -16, -17
2009,12201050,103,NETR,0.01MJ,10,17, -19, -21, -17, -13, -11, -11,   6,  53,  64,  47,  74,  74,  54,  44,  28,   7,  -6,  -9,  -7, -13, -14, -13,  -7,  -8
2009,12201050,103,NETR,0.01MJ,10,18, -16, -13, -19,  -4, -12,  -9,   2,  24,  59, 113, 166, 168, 167, 157,  69,  19, -18, -27, -26, -24, -23, -23, -23, -22
2009,12201050,103,NETR,0.01MJ,10,19, -18, -21, -21, -21, -22, -20,  -3,  22,  89,  98, 115, 130, 137, 127,  62,  20, -17, -26, -25, -26, -26, -26, -25, -27
2009,12201050,103,NETR,0.01MJ,10,20, -27, -27, -26, -24, -24, -22,   0,  48,  95,  86,  43, 113,  62,9999,   5,  -4,  -8, -14, -16, -19, -21, -24, -24, -24
2009,12201050,103,NETR,0.01MJ,10,21, -24, -24, -22, -19, -24, -23,   2,  40,  96, 149, 170, 176, 171, 149,  33,   7, -12, -19, -24, -25, -23, -23, -22, -21
2009,12201050,103,NETR,0.01MJ,10,22, -21, -14, -20, -22, -22, -22,  -5,  46, 103, 139, 146,  85,  60,  41,  33,   8, -13, -17, -16, -15, -17, -15, -10, -10
2009,12201050,103,NETR,0.01MJ,10,23, -12, -12,  -5,  -6, -11, -15,  -1,  24,  56, 111, 152, 115, 131, 141,  17,   6, -18, -24, -19, -20, -19, -13, -16, -14
2009,12201050,103,NETR,0.01MJ,10,24, -15, -15, -14, -13, -12, -12,  -6,   5,  19,  22,  23,  18,  24,  15,   5,   0,  -5,  -4,  -4,  -4,  -5,  -5,  -5,  -5
2009,12201050,103,NETR,0.01MJ,10,25,  -4,  -4,  -5,  -3,  -3,  -2,  -1,   2,   7,   8,  14,  29,  52,  50,  32,  11,  -9, -12,  -8, -10,  -6,  -7,  -6,  -5
2009,12201050,103,NETR,0.01MJ,10,26,  -3,  -2,  -2,  -3,  -2,  -1,   0,   2,   5,  10,   8,   7,   8,  10,   7,   6,   0,   0,   0,   0,   0,   0,  -1,  -2
2009,12201050,103,NETR,0.01MJ,10,27,  -3,  -4,  -5,  -7,  -5,  -5,  -6,  44, 112, 151, 174, 183, 186, 146,   1,  15, -24, -27, -25, -26, -24, -24, -22, -21
2009,12201050,103,NETR,0.01MJ,10,28, -23, -22, -22, -23, -22, -20,  -3,  43,  94, 131, 154, 146, 159, 122,   8,   8, -21, -25, -25, -24, -24, -24, -23, -22
2009,12201050,103,NETR,0.01MJ,10,29, -22, -20, -21, -20, -20, -20,  -2,  33,  69,  60,  73,  85,  71,  23,  25,  10, -13, -21, -12, -14, -10, -10, -11,  -5
2009,12201050,103,NETR,0.01MJ,10,30,  -4,  -4,  -4,  -7,  -9,  -9,   0,  33,  81, 119, 153, 158, 161, 112,  19,   8, -17, -24, -23, -18, -19, -21, -22, -20
2009,12201050,103,NETR,0.01MJ,10,31, -18, -20, -22, -22, -22, -22, -12,  32,  82, 116, 142, 146, 130,  85,  27,   6,  -3,  -5,  -5,  -4,  -3,  -3,  -5,  -4
2009,12201050,103,NETR,0.01MJ,11, 1, -16, -20, -12,  -8,  -9, -19,   1,  31,  70, 100, 150,  97, 156, 112,  27,   7,  -7,  -8,  -7,  -5,  -4,  -2,  -2,  -3
2009,12201050,103,NETR,0.01MJ,11, 2,  -2,  -2,  -3,  -3,  -4,  -5,  -2,  16,  45,  32,  49,  44,  56,  22,  14,   2,  -7, -20, -10,  -8,  -5,  -5,  -5,  -5
2009,12201050,103,NETR,0.01MJ,11, 3,  -5,  -8,  -9,  -9, -11, -24, -19,  26,  90, 137, 136, 175, 182, 108, -15,   1, -28, -30, -29, -28, -28, -27, -27, -26
2009,12201050,103,NETR,0.01MJ,11, 4, -25, -25, -25, -24, -24, -23, -11,  29,  57,  53, 125, 147, 162,  85,   1,  14, -19, -21, -24, -24, -19, -18, -17, -19
2009,12201050,103,NETR,0.01MJ,11, 5, -15, -20, -23, -24, -23, -22, -11,  40,  72,  54,  66,  58,  39,  36,  18,   5,  -9, -11, -13, -14, -17, -16, -16, -17
2009,12201050,103,NETR,0.01MJ,11, 6, -24, -24, -24, -23, -23, -24, -14,  33,  86, 122, 129, 148, 131,  52,   2,  -5, -24, -26, -25, -23, -23, -23, -23, -23
2009,12201050,103,NETR,0.01MJ,11, 7, -22, -14,  -6,  -7,  -3,  -9,   0,  18,  80,  99, 122, 147, 135,  37,  11,  -6, -22, -24, -22, -24, -23, -22, -15, -21
2009,12201050,103,NETR,0.01MJ,11, 8, -19, -18, -16, -20, -16, -10,  -6,  26,  75,  99,  97,  94,  59,  36,  16,   4, -19, -21, -19, -21, -21, -20, -19, -16
2009,12201050,103,NETR,0.01MJ,11, 9, -19, -17, -18, -21, -21, -21, -13,  32,  83, 117, 127, 146, 112,  36,  14,  -2, -11, -18, -15, -14,  -9, -13, -14, -13
2009,12201050,103,NETR,0.01MJ,11,10, -12, -18, -18,  -8,  -2,  -1,   0,  10,  24,  57,  81, 108, 128,  51,  29,   3, -12, -15, -14,  -8,  -9,  -5,  -8,  -5
2009,12201050,103,NETR,0.01MJ,11,11,  -3,  -2,  -2,  -3,  -2,  -3,  -1,   3,   5,   5,  13,  11,   7,   8,   8,   7,  -1,  -2,  -3,  -3,  -4,  -5,  -3,  -1
2009,12201050,103,NETR,0.01MJ,11,12,  -3,  -2,  -2,  -3,  -4,  -4,  -2,  11,  36,  51,  68,  64,  42,  28,  22,   4, -15, -27, -26, -25, -25, -24, -22, -23
2009,12201050,103,NETR,0.01MJ,11,13, -17, -13,  -6,  -3,  -3,  -3,  -6,   4,  21,  33,  38,  21,  24,  19,  14,   0,  -3,  -3,  -3,  -2,  -2,  -1,   0,   0
2009,12201050,103,NETR,0.01MJ,11,14,   0,   0,   0,  -1,  -2,  -2,   1,   7,   4,  33,  41,  58,  57,  39,  16,  -1,  -5, -10, -13, -17, -18, -17, -16, -10
2009,12201050,103,NETR,0.01MJ,11,15, -21, -23, -23, -22, -23, -22, -17,  33,  84, 120, 134, 155, 118,  -5, -10, -19, -26, -28, -27, -26, -26, -25, -24, -26
2009,12201050,103,NETR,0.01MJ,11,16, -24, -24, -20, -16, -11, -10,  -9,   5,  22,  47,  82,  61,  38,  37,  14,  -1,  -9, -12,  -9, -17,  -9, -15, -10,  -7
2009,12201050,103,NETR,0.01MJ,11,17, -10,  -7,  -6,  -6, -10,  -5,  -3,   2,   8,   9,   9,   8,   7,  13,   5,   0,  -2,  -2,  -1,  -1,  -1,  -1,  -1,  -1
2009,12201050,103,NETR,0.01MJ,11,18,  -2,  -1,  -1,  -2,  -3,  -4,  -3,   0,   8,  29,  62, 138,  94,  -6,  -5, -21, -27, -28, -27, -26, -27, -27, -26, -19
2009,12201050,103,NETR,0.01MJ,11,19, -13,  -9, -10,  -7,  -5,  -6,  -4,   1,   7,  13,  11,  14,  12,   8,   3,  -1,  -3,  -3,  -2,  -3, -15, -17, -20, -21
2009,12201050,103,NETR,0.01MJ,11,20, -19, -19, -21, -22, -22, -21, -17,  11,  59, 107, 121, 105,  17,   6,  12,   1, -11, -11,  -9,  -7,  -5,  -5,  -5,  -5
2009,12201050,103,NETR,0.01MJ,11,21,  -4,  -4,  -4, -22, -24, -16,  -9,  17,  67, 105, 118, 141,  75,  -4,  -6, -23, -28, -28, -26, -27, -28, -28, -23, -19
2009,12201050,103,NETR,0.01MJ,11,22, -16, -21, -15, -19, -15, -14,  -3,   1,   7,  14,  16,  12,  13,  13,  16,   0,  -4,  -3,  -2,  -4,  -2,  -1,  -1,  -1
2009,12201050,103,NETR,0.01MJ,11,23,  -4,  -2,  -3,  -3,  -3,  -2,  -1,   3,  12,  22,  84, 143,  78,  -6,  -6, -21, -24, -24, -24, -24, -24, -23, -23, -22
2009,12201050,103,NETR,0.01MJ,11,24, -22, -22, -22, -22, -15, -16,  -9,  13,  51,  68,  81,  65,  61,  33,  21,   4,  -5,  -7,  -7,  -5,  -3,  -2,  -1,  -2
2009,12201050,103,NETR,0.01MJ,11,25,  -1,  -1,  -1,  -2,  -2,  -2,  -2,   2,   9,  17,  17,  32,  64,  48,  22,  -9, -21, -21, -20, -18,  -9,  -4,  -8,  -9
2009,12201050,103,NETR,0.01MJ,11,26, -11, -18, -10, -19, -22,  -6, -12,  -3,  33,  55, 106, 104,  70,   0,  -9, -22, -26, -26, -25, -24, -24, -24, -23, -22
2009,12201050,103,NETR,0.01MJ,11,27, -22, -22, -23, -21, -21, -21, -15,  15,  62,  95,  95, 107,  67,  31,  16,  -3,  -5,  -4, -15, -18, -16, -19, -20, -20
2009,12201050,103,NETR,0.01MJ,11,28, -18, -18, -19, -21, -21, -20, -17,   6,  53,  90, 108, 129,  75,  -1,  -2,  -8, -16, -17, -21, -20, -11, -12,  -7, -13
2009,12201050,103,NETR,0.01MJ,11,29, -24, -21, -16, -17, -16,  -8, -10,   0,  31,  26,  50,  83,  46,  34,  12,   3, -10, -16,  -6,  -6,  -6,  -6,  -6,  -5
2009,12201050,103,NETR,0.01MJ,11,30,  -5,  -5,  -4,  -4,  -4,  -5,  -2,   3,  11,  14,  44,  61,  35,  43,  19,   2,  -5, -18, -14,  -6,  -8, -12, -23, -24
2009,12201050,103,NETR,0.01MJ,11,31,9998,9998,9998,9998,9998,9998,9998,9998,9998,9998,9998,9998,9998,9998,9998,9998,9998,9998,9998,9998,9998,9998,9998,9998
2009,12201050,103,NETR,0.01MJ,12, 1, -23, -24, -23, -22, -22, -22, -19,  10,  59,  97, 109, 133,  65,  -4,  -2,  -5, -24, -17, -13, -12, -15, -17, -15, -19
2009,12201050,103,NETR,0.01MJ,12, 2, -25, -25, -24, -24, -24, -24, -22,   9,  60,  98, 105, 124,  68,   2,  -4, -17, -24, -24, -23, -17, -22, -12,  -5, -12
2009,12201050,103,NETR,0.01MJ,12, 3, -22,  -8,  -6,  -4,  -3,  -2,  -2,   0,   2,   6,   7,  24,  11,   8,   8,   3,   0,   0,   0,   0,   0,   0,   0,  -2
2009,12201050,103,NETR,0.01MJ,12, 4,  -2,  -3,  -5, -11, -15, -21, -19,   2,  34,  86,  70, 119,  79,  10,   0,  -4, -25, -26, -27, -28, -28, -26, -19, -24
2009,12201050,103,NETR,0.01MJ,12, 5, -12,  -7,  -8, -10,  -8, -19, -23,  -6,  25,  61,  46,  38,  47,  29,   7,  -2,  -2,  -1,  -1,  -1,  -3,   0,   0,   0
2009,12201050,103,NETR,0.01MJ,12, 6,  -1,  -2, -11, -21, -21, -21, -19,  -2,  36,  81, 101, 126,  85,   0,   2, -21, -27, -26, -25, -24, -24, -24, -25, -25
2009,12201050,103,NETR,0.01MJ,12, 7, -28, -28, -28, -27, -26, -27, -24,   4,  56,  92, 107, 131,  87,   8,   5, -21, -32, -33, -32, -33, -33, -33, -32, -32
2009,12201050,103,NETR,0.01MJ,12, 8, -31, -30, -28, -27, -27, -29, -27,   2,  53,  90, 100, 124,  94,  14,   5, -15, -25, -24, -18,  -6,  -5,  -6,  -6,  -3
2009,12201050,103,NETR,0.01MJ,12, 9,  -3,  -3,  -4,  -2,  -1,  -1,  -1,   2,  11,  19,  26,  22,  16,  24,  14,   1, -11, -12, -10,  -7,  -6,  -6,  -6,  -6
2009,12201050,103,NETR,0.01MJ,12,10,  -6,  -9, -11,  -8, -24, -22, -21,   1,  41,  80, 114,  82,  88,  27,   6, -12, -27, -28, -26, -24, -24, -22, -19, -18
2009,12201050,103,NETR,0.01MJ,12,11, -14, -14, -11,  -5,  -5,  -5,  -4,   0,   5,   8,   9,   5,   7,   5,   3,   0,   0,   0,   0,   0,   0,   0,   0,   0
2009,12201050,103,NETR,0.01MJ,12,12,   0,  -1,   0,   0,   0,   0,   0,  10,  38,  44,  69, 116,  83,  56,  12,  12, -15, -21, -21, -22, -23, -25, -26, -26
2009,12201050,103,NETR,0.01MJ,12,13, -25, -27, -27, -26, -25, -27, -16,   3,  62,  64,  50, 104,  79,  32,   6,  -4,  -8,  -9,  -8,  -7,  -8,  -7,  -7,  -6
2009,12201050,103,NETR,0.01MJ,12,14,  -6,  -5,  -5,  -5,  -5,  -6,  -5,   0,  16,  27,  33,  36,  97,  35,  14, -14, -11, -21, -20, -26, -13, -15, -25, -25
2009,12201050,103,NETR,0.01MJ,12,15, -26, -25, -27, -29, -27, -25, -24,  -7,  15,  48,  61,9999,  66,  36,  10,  -4, -19, -21, -15, -19, -22, -23, -23, -23
2009,12201050,103,NETR,0.01MJ,12,16, -22, -23, -22, -20, -12,  -8,  -7,   0,  10,  16,  24,  28,  33,  24,   7,  -2, -13, -19, -25, -24, -24, -25, -25, -25
2009,12201050,103,NETR,0.01MJ,12,17, -25, -24, -22, -15, -14, -23, -16,  11,  51,  90, 100, 124,  89,  27,  12, -13, -24, -28, -27, -22, -28, -28, -25, -30
2009,12201050,103,NETR,0.01MJ,12,18, -32, -33, -33, -34, -33, -34, -33,  -8,  52,  96, 105, 132, 106,  28,  28, -14, -32, -32, -30, -28, -27, -27, -28, -32
2009,12201050,103,NETR,0.01MJ,12,19, -33, -32, -31, -30, -30, -29, -29,  -7,  53,  94, 102, 128, 102,  18,   1, -18, -26, -25, -26, -27, -27, -27, -26, -25
2009,12201050,103,NETR,0.01MJ,12,20, -25, -24, -24, -25, -25, -24, -24,  -2,  52,  92, 104, 129, 106,  25,   7, -17, -29, -32, -33, -33, -33, -33, -33, -32
2009,12201050,103,NETR,0.01MJ,12,21, -32, -32, -31, -30, -30, -31, -30,  -7,  52,  94, 102, 128, 108,  24,   5, -20, -32, -32, -32, -32, -32, -32, -30, -29
2009,12201050,103,NETR,0.01MJ,12,22, -28, -29, -28, -26, -21, -20, -23,  -7,  21,  38,  67,  89,  94,  27,   7, -16, -28, -27, -25, -24, -23, -23, -23, -21
2009,12201050,103,NETR,0.01MJ,12,23, -22, -22, -22, -21, -22, -22, -21,  -4,  47,  90,  97, 118, 101,  26,   5, -14, -24, -23, -21, -20, -24, -20, -20, -20
2009,12201050,103,NETR,0.01MJ,12,24, -21, -21, -21, -21, -23, -23, -21,  -2,  45,  80,  90, 120, 103,  28,   6, -15, -23, -24, -17, -16,  -9,  -5,  -6, -15
2009,12201050,103,NETR,0.01MJ,12,25, -12, -12,  -5,  -8,  -5,  -7,  -8,  -5,  31,  74,  90, 110,  94,  28,   8, -14, -28, -28, -24, -19, -20, -21, -21, -20
2009,12201050,103,NETR,0.01MJ,12,26, -12,  -4,  -9, -16,  -6,  -3,  -4,   1,  16,  52,  51,  93,  96,  33,  11, -10, -23, -23, -24, -24, -22, -21, -21, -25
2009,12201050,103,NETR,0.01MJ,12,27, -27, -27, -27, -27, -27, -26, -26, -10,  38,  86,  87, 104, 102,  31,  14,  -5, -10, -13,  -8,  -5,  -8, -11,  -8, -12
2009,12201050,103,NETR,0.01MJ,12,28,  -3,  -2,  -1,   0,  -1,  -2,  -3,   2,   6,  44,  81,  90, 100,  34,  10,  -9, -26, -31, -33, -34, -34, -33, -32, -32
2009,12201050,103,NETR,0.01MJ,12,29, -30, -28, -16, -22, -10, -11,  -7,  -2,  13,  49,  82,  81,  79,  29,   7, -13, -26, -28, -28, -26, -13,  -6, -10, -23
2009,12201050,103,NETR,0.01MJ,12,30, -22,  -8, -14, -22, -21, -17, -16,  -5,  28,  76,  73,  43,  79,  38,  16,  -5, -24, -26, -26, -27, -27, -26, -26, -25
2009,12201050,103,NETR,0.01MJ,12,31, -26, -27, -27, -28, -26, -26, -24,  -7,  25,  44,  83,  64,  46,  36,  14, -12, -29, -17, -16, -20, -31, -33, -31, -29
2009,12201050,103,NETR,0.01MJ, 1, 1, -28, -28, -27, -27, -27, -27, -26,  -7,  52,  93, 104, 131, 120,  27,   4, -17, -30, -29, -28, -28, -27, -26, -27, -28
2009,12201050,103,NETR,0.01MJ, 1, 2, -26, -26, -28, -28, -29, -28, -27,  -6,  52,  94, 102, 129, 119,  27,   8, -14, -26, -27, -26, -24, -24, -23, -24, -23
2009,12201050,103,NETR,0.01MJ, 1, 3, -22, -21, -21, -24, -23, -23, -22,   2,  51,  86,  93, 123, 108,  47,  18,  -1,  -8, -12, -20, -22, -26, -26, -28, -30
2009,12201050,103,NETR,0.01MJ, 1, 4, -30, -30, -28, -26, -25, -21, -22,  -5,  49,  46,  76,  84,  63,  36,  13,  -6, -22, -22, -15, -17, -19, -12, -22, -21
2009,12201050,103,NETR,0.01MJ, 1, 5,  -3,  -1,  -1,  -3,  -1, -14, -18,  -7,  26,  72,  96, 121, 115,  27,  25,  -6, -19, -28, -32, -32, -32, -32, -32, -31
2009,12201050,103,NETR,0.01MJ, 1, 6, -30, -29, -30, -30, -30, -31, -29, -11,  47,  90, 100, 130, 120,  23,   8, -14, -30, -32, -31, -30, -30, -31, -32, -30
2009,12201050,103,NETR,0.01MJ, 1, 7, -27, -26, -25, -24, -19, -20, -24, -13,  43,  80,  95, 135, 125,  26,   7, -11, -24, -20, -16, -15, -12, -15, -21, -23
2009,12201050,103,NETR,0.01MJ, 1, 8, -23, -24, -23, -22, -23, -24, -18,  -7,  49,  90, 100, 128, 121,  24,   5, -11, -26, -26, -24, -23, -24, -22, -24, -22
2009,12201050,103,NETR,0.01MJ, 1, 9, -11, -18, -23, -24, -24, -23, -23,  -6,  49,  90, 100, 130, 120,  26,   4, -13, -26, -26, -25, -24, -23, -22, -18, -13
2009,12201050,103,NETR,0.01MJ, 1,10,  -8,  -7, -11, -24, -23, -22, -22,  -7,  47,  88, 100, 127, 120,  28,   7, -11, -28, -30, -29, -27, -27, -25, -26, -24
2009,12201050,103,NETR,0.01MJ, 1,11, -22, -21, -12,  -7,  -6,  -5,  -5,  -1,   5,  10,  14,  53,  22,  18,   3,   5, -15, -21, -20, -21, -20, -19, -13,  -5
2009,12201050,103,NETR,0.01MJ, 1,12,  -3,  -3,  -5,  -7,  -6,  -5,  -5,   1,   7,  11,  21,  12,   8,   7,   4,   2,  -2,  -2,  -2,  -3,  -3,  -5,  -4,  -5
2009,12201050,103,NETR,0.01MJ, 1,13,  -6,  -6, -11, -15, -12, -15, -11,  -2,  13,  53,  38, 131, 126,  34,  11, -10, -32, -34, -34, -34, -33, -33, -31, -29
2009,12201050,103,NETR,0.01MJ, 1,14, -28, -29, -29, -28, -27, -26, -26,  -8,  50,  93, 103, 133, 128,  30,   8, -12, -30, -32, -29, -27, -26, -26, -26, -25
2009,12201050,103,NETR,0.01MJ, 1,15, -25, -25, -24, -24, -24, -23, -20,  -5,  49,  91, 102, 127, 123,  32,   8,  -9, -25, -27, -24, -16, -19, -24, -24, -25
2009,12201050,103,NETR,0.01MJ, 1,16, -25, -26, -27, -27, -27, -29, -28, -10,  51,  94, 106, 136, 136,  43,  11, -10, -28, -32, -31, -31, -30, -28, -27, -27
2009,12201050,103,NETR,0.01MJ, 1,17, -26, -22, -18, -26, -27, -28, -26,  -7,  51,  92, 101, 131, 128,  43,  11,  -8, -24, -26, -26, -25, -24, -24, -24, -24
2009,12201050,103,NETR,0.01MJ, 1,18, -23, -20, -22, -21, -19, -11, -11,  -5,  13,  25,  83, 102,  91,  53,  19,  -8, -21, -24, -22, -21, -21, -20, -20, -21
2009,12201050,103,NETR,0.01MJ, 1,19, -21, -22, -21, -21, -21, -21, -20,  -1,  49,  88,  98, 126,9999,  53,  15,  -3, -22, -24, -24, -22, -18, -17, -18, -18
2009,12201050,103,NETR,0.01MJ, 1,20, -12,  -6, -10, -14, -16, -20, -21,  -1,  46,  89, 103, 124, 132,  53,  33,   3, -13, -17, -18, -16, -19, -20, -19, -16
2009,12201050,103,NETR,0.01MJ, 1,21, -10, -12, -14,  -9,  -2,  -3,  -5,  -3,  -1,   3,  28,  20,  40,  39,  28,   4,  -6,  -9, -24, -25, -28, -17,  -8, -10
2009,12201050,103,NETR,0.01MJ, 1,22,  -7,  -6, -12, -15, -23, -34, -32,  -6,  55,  99, 109, 118,  61,  43,9999,9999,9999,9999,9999,9999,9999,9999,9999,9999
2009,12201050,103,NETR,0.01MJ, 1,23,9999,9999,9999,9999,9999,9999,9999,9999,9999,9999,9999,9999,9999,9999,9999,9999,9999,9999,9999,9999,9999,9999,9999,9999
2009,12201050,103,NETR,0.01MJ, 1,24,9999,9999,9999,9999,9999,9999,9999,9999,9999,9999,9999,9999,9999,9999,9999,9999,9999,9999,9999,9999,9999,9999,9999,9999
2009,12201050,103,NETR,0.01MJ, 1,25,9999,9999,9999,9999,9999,9999,9999,9999,9999,9999,9999,9999,9999,9999,9999,9999,9999,9999,9999,9999,9999,9999,9999,9999
2009,12201050,103,NETR,0.01MJ, 1,26,9999,9999,9999,9999,9999,9999,9999,9999,9999,9999,9999,9999,9999,9999,9999,9999,9999,9999,9999,9999,9999,9999,9999,9999
2009,12201050,103,NETR,0.01MJ, 1,27,9999,9999,9999,9999,9999,9999,9999,9999,9999,9999,9999,9999,9999,9999,9999,9999,9999,9999,9999,9999,9999,9999,9999,9999
2009,12201050,103,NETR,0.01MJ, 1,28,9999,9999,9999,9999,9999,9999,9999,9999,9999,9999,9999,9999,9999,9999,9999,9999,9999,9999,9999,9999,9999,9999,9999,9999
2009,12201050,103,NETR,0.01MJ, 1,29,9999,9999,9999,9999,9999,9999,9999,9999,9999,9999,9999,9999,9999,9999,9999,9999,9999,9999,9999,9999,9999,9999,9999,9999
2009,12201050,103,NETR,0.01MJ, 1,30,9999,9999,9999,9999,9999,9999,9999,9999,9999,9999,9999,9999,9999,9999,9999,9999,9999,9999,9999,9999,9999,9999,9999,9999
2009,12201050,103,NETR,0.01MJ, 1,31,9999,9999,9999,9999,9999,9999,9999,9999,9999,9999,9999,9999,9999,9999,9999,9999,9999,9999,9999,9999,9999,9999,9999,9999
2009,12201050,103,NETR,0.01MJ, 2, 1,9999,9999,9999,9999,9999,9999,9999,9999,9999,9999,9999,9999,9999,9999,9999,9999,9999,9999,9999,9999,9999,9999,9999,9999
2009,12201050,103,NETR,0.01MJ, 2, 2,9999,9999,9999,9999,9999,9999,9999,9999,9999,9999,9999,9999,9999,9999,9999,9999,9999,9999,9999,9999,9999,9999,9999,9999
2009,12201050,103,NETR,0.01MJ, 2, 3,9999,9999,9999,9999,9999,9999,9999,9999,9999,9999,9999,9999,9999,9999,9999,9999,9999,9999,9999,9999,9999,9999,9999,9999
2009,12201050,103,NETR,0.01MJ, 2, 4,9999,9999,9999,9999,9999,9999,9999,9999,9999,9999,9999,9999,9999,9999,9999,9999,9999,9999,9999,9999,9999,9999,9999,9999
2009,12201050,103,NETR,0.01MJ, 2, 5,9999,9999,9999,9999,9999,9999,9999,9999,9999,9999,9999,9999,9999,9999,9999,9999,9999,9999,9999,9999,9999,9999,9999,9999
2009,12201050,103,NETR,0.01MJ, 2, 6,9999,9999,9999,9999,9999,9999,9999,9999,9999,9999,9999,9999,9999,9999,9999,9999,9999,9999,9999,9999,9999,9999,9999,9999
2009,12201050,103,NETR,0.01MJ, 2, 7,9999,9999,9999,9999,9999,9999,9999,9999,9999,9999,9999,9999,9999,9999,9999,9999,9999,9999,9999,9999,9999,9999,9999,9999
2009,12201050,103,NETR,0.01MJ, 2, 8,9999,9999,9999,9999,9999,9999,9999,9999,9999,9999,9999,9999,9999,9999,9999,9999,9999,9999,9999,9999,9999,9999,9999,9999
2009,12201050,103,NETR,0.01MJ, 2, 9,9999,9999,9999,9999,9999,9999,9999,9999,9999,9999,9999,9999,9999,9999,9999,9999,9999,9999,9999,9999,9999,9999,9999,9999
2009,12201050,103,NETR,0.01MJ, 2,10,9999,9999,9999,9999,9999,9999,9999,9999,9999,9999,9999,9999,9999,9999,9999,9999,9999,9999,9999,9999,9999,9999,9999,9999
2009,12201050,103,NETR,0.01MJ, 2,11,9999,9999,9999,9999,9999,9999,9999,9999,9999,9999,9999,9999,9999,9999,9999,9999,9999,9999,9999,9999,9999,9999,9999,9999
2009,12201050,103,NETR,0.01MJ, 2,12,9999,9999,9999,9999,9999,9999,9999,9999,9999,9999,9999,9999,9999,9999,9999,9999,9999,9999,  -6,  -6,  -6,  -6,  -6,  -7
2009,12201050,103,NETR,0.01MJ, 2,13,  -6,  -6,  -6,  -5,  -5,  -5,  -4,   2,  17,  23,  33,  32,  38,  40,  24,  13,   2,  -5,  -5,  -4,  -3,  -4,  -7,  -6
2009,12201050,103,NETR,0.01MJ, 2,14,  -4,  -8, -15, -20, -14, -15,  -5,   9,  54, 118, 146, 154, 144, 135,  49,  11,  -7, -15, -19, -22, -16, -15,  -4,  -4
2009,12201050,103,NETR,0.01MJ, 2,15,  -6,  -2,  -2,  -1,  -3,  -6,  -2,   2,   9,  17,  22,  15,  11,  14,   7,   1,   0,  -1,  -1,   0,   2,  -1,  -2,  -2
2009,12201050,103,NETR,0.01MJ, 2,16,  -3,  -4,  -4,  -4,  -4,  -4,  -3,   2,  12,  16,  21,  19,  16,  24,  20,9999,  -2,  -6,  -6,  -6,  -5,  -4,  -5,  -5
2009,12201050,103,NETR,0.01MJ, 2,17,  -4,  -3,  -4,  -4,  -7,  -9, -15,   2,  21,  41,  55,  50,  62,  62,  19,   4,  -2,  -6,  -6,  -6,  -7,  -6,  -5,  -7
2009,12201050,103,NETR,0.01MJ, 2,18, -10,  -5,  -4,  -4,  -3,  -1,  -1,   5,  23,  37,  47,  38,  66,  75, 113,  23,   2,  -6,  -8,  -6, -18, -21, -24, -24
2009,12201050,103,NETR,0.01MJ, 2,19, -24, -24, -23, -23, -23, -24, -15,   4,  58,  48,  92,  98, 106, 140, 108,   8,  -4, -27, -27, -27, -26, -26, -24, -24
2009,12201050,103,NETR,0.01MJ, 2,20, -24, -23, -23, -23, -23, -21, -11,  16,  65, 124, 152, 162, 158, 147, 116,  43,  -7, -29, -27, -26, -26, -27, -28, -28
2009,12201050,103,NETR,0.01MJ, 2,21, -27, -27, -26, -27, -27, -26, -20,  30,  78, 124, 104, 124,  86,  68,  41,  32,  -6, -25, -20, -20, -11, -15, -21, -16
2009,12201050,103,NETR,0.01MJ, 2,22, -23,  -7,  -6,  -7,  -5,  -4,  -3,   5,  21,  57,  81, 159,  81,  69,  43,  18,   3, -12, -16, -15, -22, -23, -20, -20
2009,12201050,103,NETR,0.01MJ, 2,23, -20, -19, -19, -18, -16, -15, -10,  16,  47,  58, 112, 142, 142, 136, 100,  41,  -4, -24, -24, -23, -23, -22, -22, -22
2009,12201050,103,NETR,0.01MJ, 2,24, -22, -21, -20, -11, -19, -20,  -4,  21,  74, 122,  85, 156, 160, 144, 107,  44,  -1, -26, -27, -26, -24, -22, -22, -21
2009,12201050,103,NETR,0.01MJ, 2,25, -20, -21, -21,  -7,  -3, -16,   1,  15,  35,  64, 144, 158, 146, 113, 116,  50,   4, -15, -17, -23, -23, -23, -20, -19
2009,12201050,103,NETR,0.01MJ, 2,26, -17, -12,  -6,  -3,  -3,  -5,  -4,   9,  33,  43,  52,  43,  45,  41,  16,   4,  -1,  -5,  -5,  -5,  -3,  -4,  -2,  -2
2009,12201050,103,NETR,0.01MJ, 2,27,  -1,  -1,   0,  -1,   0,  -1,   0,   0,  14,  15,  49,  62,  46,  79,  62,  55,   9,  -5,  -6,  -7,  -7,  -5,  -4,  -4
2009,12201050,103,NETR,0.01MJ, 2,28,  -4,  -4,  -4,  -4,  -5,  -4,  -3,   2,   7,   9,  12,  15,  32,  68,  64,  41,   7, -24, -25, -24, -23, -22, -10,  -1
2009,12201050,103,NETR,0.01MJ, 2,29,9998,9998,9998,9998,9998,9998,9998,9998,9998,9998,9998,9998,9998,9998,9998,9998,9998,9998,9998,9998,9998,9998,9998,9998
2009,12201050,103,NETR,0.01MJ, 2,30,9998,9998,9998,9998,9998,9998,9998,9998,9998,9998,9998,9998,9998,9998,9998,9998,9998,9998,9998,9998,9998,9998,9998,9998
2009,12201050,103,NETR,0.01MJ, 2,31,9998,9998,9998,9998,9998,9998,9998,9998,9998,9998,9998,9998,9998,9998,9998,9998,9998,9998,9998,9998,9998,9998,9998,9998
2009,12201050,103,NETR,0.01MJ, 3, 1,   0,   0,   0,   0,  -1,  -6,   2,  18,  41,  61,  50, 130, 147, 150,  71,  12,  -2,  -7,  -6,  -2,  -1,  -2,  -2,  -2
2009,12201050,103,NETR,0.01MJ, 3, 2,  -2,  -2,  -3,  -3,  -2,  -2,  -1,   5,  23,  51,  54,  36,  31,  32,  27,   8,   1,  -4,  -5,  -5,  -4,  -4,  -4,  -3
2009,12201050,103,NETR,0.01MJ, 3, 3,  -3,  -3,  -2,  -2,  -2,  -3,   0,  16,  35,  54, 111, 164, 167, 120,  96,  25,   2, -14, -28, -27, -26, -24, -22, -21
2009,12201050,103,NETR,0.01MJ, 3, 4, -18, -22, -17, -18, -16, -10,  -6,   8,  43,  78,  77,  80,  91,  52,  14,   2,   1,  -4,  -4,  -3,  -2,  -2,  -2,  -2
2009,12201050,103,NETR,0.01MJ, 3, 5,  -2,  -1,  -1,  -1,  -3,  -4,  -9,  29,  92, 143, 175, 183, 179, 159, 125,  63,   5, -17, -17, -12,  -5,  -5,  -5,  -2
2009,12201050,103,NETR,0.01MJ, 3, 6,  -2,  -2,  -2,  -2,  -2,  -2,  -1,   0,   6,  13,  31,  33,  25,   9,  10,   5,   1,  -2,  -2,  -3,  -3,  -3,  -3,  -3
2009,12201050,103,NETR,0.01MJ, 3, 7,  -4,  -4,  -4,  -4,  -5,  -4,  -2,   3,  15,  24,  28,  43,  25,  18,  23,  13,   2,  -2,  -4,  -4,  -4,  -4,  -5,  -4
2009,12201050,103,NETR,0.01MJ, 3, 8,  -4,  -5,  -5,  -5,  -6, -15, -15,  40, 110, 150, 144, 118,  71,  43,  81,  62,   9, -23, -30, -29, -28, -24, -26, -25
2009,12201050,103,NETR,0.01MJ, 3, 9, -19, -15,  -7, -13, -18, -12,  -1,  11,  16,  18,  14,  27,  19,  16,  18,   5,   2,  -1,  -2,  -1,  -2,  -1,   0,   0
2009,12201050,103,NETR,0.01MJ, 3,10,   0,   0,   0,   0,   0,   0,   4,  20,  33,  63,  93,  43, 106, 154, 145,  87,  14, -23, -27, -27, -27, -26, -26, -26
2009,12201050,103,NETR,0.01MJ, 3,11, -26, -29, -29, -31, -30, -30,  -8,  48, 118, 158, 192, 197, 197, 176, 138,  80,  10, -29, -30, -27, -26, -26, -27, -25
2009,12201050,103,NETR,0.01MJ, 3,12, -24, -24, -24, -24, -24, -23,  -6,  44, 107, 146, 172, 176, 170, 155, 120,  30,  -5, -21, -23, -26, -27, -24, -24, -21
2009,12201050,103,NETR,0.01MJ, 3,13, -20, -24, -24, -24, -25, -24,  -5,  41,  98, 136, 168, 177, 178, 156, 107,  70,  13, -12, -21, -24, -25, -25, -25, -26
2009,12201050,103,NETR,0.01MJ, 3,14, -26, -26, -25, -24, -24, -23,  -7,  21,  93, 145, 177, 181, 177, 113, 141,  71,   6, -24, -25, -23, -26, -24, -24, -23
2009,12201050,103,NETR,0.01MJ, 3,15, -22, -21, -20,  -8,  -6,  -1,   2,  28,  70, 108,  91,  94,  97,  48,  24,9999,   1,  -8,  -9,  -8,  -7,  -6,  -8,  -6
2009,12201050,103,NETR,0.01MJ, 3,16,  -5,  -2,  -1,   0,   0,  -2,   5,  39,  98, 139, 170, 177, 173, 133,  48,   5,   5,  -5, -10, -15,  -9,  -9, -14, -19
2009,12201050,103,NETR,0.01MJ, 3,17, -16, -13, -11, -16, -18, -16,  -4,  23,  54,  94, 125,  78,  53,  87, 135,  68,  10, -24, -29, -26, -14, -15, -19, -12
2009,12201050,103,NETR,0.01MJ, 3,18, -24, -20, -21, -24, -24, -23,  -2,  33,  63,  70, 171, 188, 167, 128, 120,  52,  14,  -8, -10,  -7,  -6,  -5,  -4,  -4
2009,12201050,103,NETR,0.01MJ, 3,19,  -4,  -4,  -4,  -4,  -4,  -5,   0,  24,  60,  71, 152, 210, 125,  93, 128,  54,   5, -14, -28, -27, -25, -25, -24, -23
2009,12201050,103,NETR,0.01MJ, 3,20, -22, -21, -21, -21, -21, -20,   1,  47, 106, 151, 187, 195, 195, 173, 132,  76,  21, -17, -24, -24, -23, -19, -15, -16
2009,12201050,103,NETR,0.01MJ, 3,21, -15, -16, -15, -13, -14,  -3,   0,  19,  16, 100, 188, 168, 160, 144, 113,  57,  18, -16, -28, -26, -31, -30, -34, -33
2009,12201050,103,NETR,0.01MJ, 3,22, -33, -33, -34, -34, -33, -31,   2,  57, 129, 169, 187, 197, 167, 171, 123,  52,   8, -19, -24, -25, -15, -11, -13,  -8
2009,12201050,103,NETR,0.01MJ, 3,23,  -7,  -7,  -6,  -6,  -6,  -4,  -1,  18,  52, 123, 118,  81, 162,  68,  30,  33,  -2,  -7,  -8,  -7,  -6,  -5,  -5,  -5
2009,12201050,103,NETR,0.01MJ, 3,24,  -5,  -5,  -5,  -5,  -4,  -5,   0,   5,   5,  15,  21,  23,  29,  12,   2,   7,   4,  -2,  -3,  -3,  -3,  -3,  -2,  -2
2009,12201050,103,NETR,0.01MJ, 3,25,  -2,  -2,  -2,  -2,  -2,  -1,   2,   6,   8,  14,  24,  21,  26,  32,  12,   2,   2,   0,  -3,  -3,  -2,  -2,  -3,  -4
2009,12201050,103,NETR,0.01MJ, 3,26,  -5,  -6,  -7,  -6,  -6,  -6,   4,  44,  42,  65, 117,  55, 142, 144,  45,  13,  20,  -6,  -8, -13, -19, -11, -11,  -9
2009,12201050,103,NETR,0.01MJ, 3,27, -17, -13,  -9, -15, -17, -10,   6,  54,  58,  78, 108, 178, 212, 193, 146,  88,  15, -15, -19, -16, -16, -15, -15, -16
2009,12201050,103,NETR,0.01MJ, 3,28, -14, -14, -14, -13,  -8,  -6,   3,  17,  65, 106, 113,  94,  53,  41,  30,  16,   5,  -4,  -5,  -5,  -5,  -5,  -5,  -5
2009,12201050,103,NETR,0.01MJ, 3,29,  -5,  -5,  -5,  -5,  -4,  -4,  -1,  13,  38,  43,  71, 124, 148, 111,   9,  39,   3,  -5,  -8, -15, -22, -30, -31, -31
2009,12201050,103,NETR,0.01MJ, 3,30, -32, -32, -32, -32, -32, -28,  13,  82, 140, 179, 210, 208, 208, 182, 139,  76,   9, -21, -24, -26, -30, -29, -27, -26
2009,12201050,103,NETR,0.01MJ, 3,31, -25, -24, -23, -23, -23, -14,  14,  68, 105, 133, 130, 115, 132,  98,  43,  17,   3,  -5, -11, -14, -13, -16, -24, -24
